<?xml version="1.0" encoding="utf-8"?>
<COLLADA xmlns="http://www.collada.org/2005/11/COLLADASchema" version="1.4.1">
	<asset>
		<contributor>
			<author>Datakit</author>
			<authoring_tool>CrossManager V.133</authoring_tool>
		</contributor>
		<created>2016-08-12T15:38:42Z</created>
		<modified>2016-08-12T15:38:42Z</modified>
		<unit meter="0.001000" name="millimeter"/>
		<up_axis>Z_UP</up_axis>
	</asset>
<library_geometries>
	<geometry id="管子100x20-MODEL268-0" name="管子100x20-MODEL268-0">
		<mesh>
			<source id="管子100x20-MODEL268-0-mesh-positions">
				<float_array id="管子100x20-MODEL268-0-mesh-positions-array" count="576">0 -9.95799e-016 10 100 -9.95799e-016 10 100 2.58819 9.65926 100 5 8.66025 0 2.58819 9.65926 100 7.07107 7.07107 0 5 8.66025 0 7.07107 7.07107 100 8.66025 5 100 9.65926 2.58819 0 8.66025 5 100 10 1.29083e-008 0 9.65926 2.58819 -5.44981e-016 10 1.29083e-008 0 -2.58819 9.65926 0 -5 8.66025 100 -2.58819 9.65926 100 -5 8.66025 0 -7.07107 7.07107 0 -8.66025 5 100 -7.07107 7.07107 0 -9.65926 2.58819 100 -8.66025 5 100 -9.65926 2.58819 4.10349e-017 -10 1.29083e-008 100 -10 1.29083e-008 0 -2.02129e-014 -10 0 2.58819 -9.65926 100 -2.02129e-014 -10 100 2.58819 -9.65926 0 5 -8.66025 0 7.07107 -7.07107 100 5 -8.66025 0 8.66025 -5 100 7.07107 -7.07107 100 8.66025 -5 0 9.65926 -2.58819 -5.44981e-016 10 1.29083e-008 100 9.65926 -2.58819 100 10 1.29083e-008 100 -2.58819 -9.65926 100 -5 -8.66025 0 -2.58819 -9.65926 0 -5 -8.66025 100 -7.07107 -7.07107 100 -8.66025 -5 0 -7.07107 -7.07107 100 -9.65926 -2.58819 0 -8.66025 -5 0 -9.65926 -2.58819 100 -10 1.29083e-008 4.10349e-017 -10 1.29083e-008 0 7.57065 4.86659 100 8.63521 2.53615 100 7.57065 4.86659 100 8.99999 -2.89204e-006 0 8.63521 2.53615 -8.85162e-016 8.99999 -2.89204e-006 100 3.73738 8.1872 100 1.27938 8.90852 0 1.27938 8.90852 0 3.73738 8.1872 0 5.8927 6.80253 100 5.8927 6.80253 0 -5.89446 6.80109 100 -3.73981 8.18615 100 -5.89446 6.80109 0 -3.73981 8.18615 0 -1.28219 8.90813 100 -1.28219 8.90813 0 -7.57163 4.8652 100 -7.57163 4.8652 0 -8.63553 2.53526 100 -8.63553 2.53526 4.12309e-016 -8.99999 -2.89204e-006 100 -8.99999 -2.89204e-006 100 8.63553 -2.53526 100 8.99999 -2.89204e-006 -8.85162e-016 8.99999 -2.89204e-006 100 3.73981 -8.18615 100 5.89446 -6.80109 0 5.89446 -6.80109 100 7.57163 -4.8652 0 8.63553 -2.53526 0 7.57163 -4.8652 0 -1.27938 -8.90852 100 -3.73738 -8.1872 100 -1.27938 -8.90852 0 3.73981 -8.18615 0 1.28219 -8.90813 100 1.28219 -8.90813 0 -5.8927 -6.80253 0 -7.57065 -4.86659 100 -7.57065 -4.86659 100 -5.8927 -6.80253 0 -3.73738 -8.1872 0 -8.63521 -2.53615 100 -8.63521 -2.53615 100 -8.99999 -2.89204e-006 4.12309e-016 -8.99999 -2.89204e-006 100 -5.8927 -6.80253 100 -7.07107 -7.07107 100 -5 -8.66025 100 5.8927 6.80253 100 7.07107 7.07107 100 5 8.66025 100 -8.63553 2.53526 100 -9.65926 2.58819 100 -8.99999 -2.89204e-006 100 -7.07107 7.07107 100 -5.89446 6.80109 100 -5 8.66025 100 -8.66025 5 100 -10 1.29083e-008 100 -7.57163 4.8652 100 -2.58819 9.65926 100 -1.28219 8.90813 100 -9.95799e-016 10 100 -8.63521 -2.53615 100 -8.66025 -5 100 -7.57065 -4.86659 100 2.58819 9.65926 100 1.27938 8.90852 100 -2.58819 -9.65926 100 -3.73738 -8.1872 100 -2.02129e-014 -10 100 -1.27938 -8.90852 100 3.73738 8.1872 100 1.28219 -8.90813 100 2.58819 -9.65926 100 5 -8.66025 100 3.73981 -8.18615 100 7.57065 4.86659 100 8.66025 5 100 8.63521 2.53615 100 8.99999 -2.89204e-006 100 9.65926 -2.58819 100 10 1.29083e-008 100 7.07107 -7.07107 100 5.89446 -6.80109 100 8.66025 -5 100 7.57163 -4.8652 100 8.63553 -2.53526 100 9.65926 2.58819 100 -3.73981 8.18615 100 -9.65926 -2.58819 0 5 8.66025 0 7.07107 7.07107 0 5.8927 6.80253 -8.85162e-016 8.99999 -2.89204e-006 -5.44981e-016 10 1.29083e-008 0 9.65926 -2.58819 0 8.63553 -2.53526 0 5 -8.66025 0 5.89446 -6.80109 0 7.07107 -7.07107 0 8.66025 -5 0 7.57163 -4.8652 0 9.65926 2.58819 0 -2.58819 -9.65926 0 -1.27938 -8.90852 0 -2.02129e-014 -10 0 1.28219 -8.90813 0 2.58819 -9.65926 0 -3.73738 -8.1872 0 -5 -8.66025 0 3.73738 8.1872 0 2.58819 9.65926 0 1.27938 8.90852 0 -9.95799e-016 10 0 -2.58819 9.65926 0 -1.28219 8.90813 0 -7.07107 -7.07107 0 -5.8927 -6.80253 0 -8.66025 -5 0 -7.57065 -4.86659 0 -8.63521 -2.53615 0 -5 8.66025 0 -3.73981 8.18615 0 -7.07107 7.07107 0 -5.89446 6.80109 0 -8.66025 5 0 -7.57163 4.8652 0 -9.65926 -2.58819 4.12309e-016 -8.99999 -2.89204e-006 0 8.66025 5 0 8.63521 2.53615 0 7.57065 4.86659 0 3.73981 -8.18615 4.10349e-017 -10 1.29083e-008 0 -9.65926 2.58819 0 -8.63553 2.53526 </float_array>
				<technique_common>
					<accessor source="#管子100x20-MODEL268-0-mesh-positions-array" count="192" stride="3">
						<param name="X" type="float"/>
						<param name="Y" type="float"/>
						<param name="Z" type="float"/>
					</accessor>
				</technique_common>
			</source>
			<source id="管子100x20-MODEL268-0-mesh-normals">
				<float_array id="管子100x20-MODEL268-0-mesh-normals-array" count="576">0 1.74834e-007 1 0 1.74834e-007 1 0 0.25882 0.965926 0 0.500001 0.866025 0 0.25882 0.965926 0 0.707108 0.707106 0 0.500001 0.866025 0 0.707108 0.707106 0 0.866025 0.5 0 0.965926 0.258818 0 0.866025 0.5 0 1 4.16003e-007 0 0.965926 0.258818 0 1 4.16003e-007 0 -0.258819 0.965926 0 -0.500001 0.866025 0 -0.25882 0.965926 0 -0.500001 0.866025 0 -0.707108 0.707106 0 -0.866025 0.5 0 -0.707108 0.707106 0 -0.965926 0.258818 0 -0.866025 0.5 0 -0.965926 0.258818 0 -1 2.88855e-007 0 -1 2.88855e-007 0 1.50986e-007 -1 0 0.258819 -0.965926 -0 -8.74169e-008 -1 0 0.25882 -0.965926 0 0.500001 -0.866025 0 0.707108 -0.707106 0 0.500001 -0.866025 0 0.866025 -0.5 0 0.707108 -0.707106 0 0.866025 -0.5 0 0.965926 -0.258818 0 1 -3.20642e-007 0 0.965926 -0.258818 0 1 -3.20642e-007 -0 -0.25882 -0.965926 -0 -0.500001 -0.866025 -0 -0.25882 -0.965926 -0 -0.500001 -0.866025 -0 -0.707108 -0.707106 -0 -0.866025 -0.5 -0 -0.707108 -0.707106 -0 -0.965926 -0.258818 -0 -0.866025 -0.5 -0 -0.965926 -0.258818 -0 -1 -2.65004e-007 -0 -1 -2.65004e-007 -0 -0.841271 -0.540614 -0 -0.959485 -0.281758 -0 -0.841271 -0.540614 -0 -1 3.07897e-005 -0 -0.959485 -0.281758 -0 -1 3.07897e-005 -0 -0.415437 -0.909622 -0 -0.142266 -0.989828 -0 -0.142266 -0.989828 -0 -0.415438 -0.909622 -0 -0.654845 -0.755763 -0 -0.654845 -0.755763 -0 0.654845 -0.755763 -0 0.415437 -0.909622 -0 0.654845 -0.755763 -0 0.415437 -0.909622 -0 0.142266 -0.989828 -0 0.142266 -0.989828 -0 0.841271 -0.540614 -0 0.841271 -0.540614 -0 0.959485 -0.281758 -0 0.959485 -0.281758 0 1 3.09169e-005 0 1 3.09169e-005 -0 -0.959485 0.281758 -0 -1 -3.08851e-005 -0 -1 -3.08851e-005 -0 -0.415437 0.909622 -0 -0.654845 0.755763 -0 -0.654845 0.755763 -0 -0.841271 0.540614 -0 -0.959485 0.281758 -0 -0.841271 0.540614 0 0.142266 0.989828 0 0.415437 0.909622 0 0.142266 0.989828 -0 -0.415437 0.909622 -0 -0.142266 0.989828 -0 -0.142266 0.989828 0 0.654845 0.755763 0 0.841271 0.540614 0 0.841271 0.540614 0 0.654845 0.755763 0 0.415438 0.909622 0 0.959485 0.281758 0 0.959485 0.281758 -0 1 -3.09407e-005 -0 1 -3.09407e-005 1 0 0 1 0 0 1 0 0 1 0 0 1 0 0 1 0 0 1 0 0 1 0 0 1 0 0 1 0 0 1 0 0 1 0 0 1 0 0 1 0 0 1 0 0 1 0 0 1 0 0 1 0 0 1 0 0 1 0 0 1 0 0 1 0 0 1 0 0 1 0 0 1 0 0 1 0 0 1 0 0 1 0 0 1 0 0 1 0 0 1 0 0 1 0 0 1 0 0 1 0 0 1 0 0 1 0 0 1 0 0 1 0 0 1 0 0 1 0 0 1 0 0 1 0 0 1 0 0 1 0 0 1 0 0 1 0 0 -1 -0 -0 -1 -0 -0 -1 -0 -0 -1 -0 -0 -1 -0 -0 -1 -0 -0 -1 -0 -0 -1 -0 -0 -1 -0 -0 -1 -0 -0 -1 -0 -0 -1 -0 -0 -1 -0 -0 -1 -0 -0 -1 -0 -0 -1 -0 -0 -1 -0 -0 -1 -0 -0 -1 -0 -0 -1 -0 -0 -1 -0 -0 -1 -0 -0 -1 -0 -0 -1 -0 -0 -1 -0 -0 -1 -0 -0 -1 -0 -0 -1 -0 -0 -1 -0 -0 -1 -0 -0 -1 -0 -0 -1 -0 -0 -1 -0 -0 -1 -0 -0 -1 -0 -0 -1 -0 -0 -1 -0 -0 -1 -0 -0 -1 -0 -0 -1 -0 -0 -1 -0 -0 -1 -0 -0 -1 -0 -0 -1 -0 -0 -1 -0 -0 -1 -0 -0 </float_array>
				<technique_common>
					<accessor source="#管子100x20-MODEL268-0-mesh-normals-array" count="192" stride="3">
						<param name="X" type="float"/>
						<param name="Y" type="float"/>
						<param name="Z" type="float"/>
					</accessor>
				</technique_common>
			</source>
			<vertices id="管子100x20-MODEL268-0-mesh-vertices">
				<input semantic="POSITION" source="#管子100x20-MODEL268-0-mesh-positions"/>
			</vertices>
			<triangles count="24" material="Material1">
				<input semantic="VERTEX" source="#管子100x20-MODEL268-0-mesh-vertices" offset="0"/>
				<input semantic="NORMAL" source="#管子100x20-MODEL268-0-mesh-normals" offset="1"/>
				<p>0 0 1 1 2 2 3 3 4 4 2 2 0 0 2 2 4 4 3 3 5 5 6 6 6 6 4 4 3 3 7 7 5 5 8 8 5 5 7 7 6 6 9 9 10 10 8 8 7 7 8 8 10 10 9 9 11 11 12 12 12 12 10 10 9 9 11 11 13 13 12 12 14 14 1 1 0 0 14 14 15 15 16 16 16 16 1 1 14 14 17 17 15 15 18 18 15 15 17 17 16 16 19 19 20 20 18 18 17 17 18 18 20 20 19 19 21 21 22 22 22 22 20 20 19 19 23 23 21 21 24 24 21 21 23 23 22 22 23 23 24 24 25 25 </p>
			</triangles>
			<triangles count="24" material="Material1">
				<input semantic="VERTEX" source="#管子100x20-MODEL268-0-mesh-vertices" offset="0"/>
				<input semantic="NORMAL" source="#管子100x20-MODEL268-0-mesh-normals" offset="1"/>
				<p>26 26 27 27 28 28 29 29 27 27 30 30 27 27 29 29 28 28 31 31 32 32 30 30 29 29 30 30 32 32 31 31 33 33 34 34 34 34 32 32 31 31 35 35 33 33 36 36 33 33 35 35 34 34 37 37 38 38 36 36 35 35 36 36 38 38 39 39 38 38 37 37 40 40 26 26 28 28 40 40 41 41 42 42 42 42 26 26 40 40 43 43 41 41 44 44 41 41 43 43 42 42 45 45 46 46 44 44 43 43 44 44 46 46 45 45 47 47 48 48 48 48 46 46 45 45 49 49 47 47 50 50 47 47 49 49 48 48 49 49 50 50 51 51 </p>
			</triangles>
			<triangles count="22" material="Material1">
				<input semantic="VERTEX" source="#管子100x20-MODEL268-0-mesh-vertices" offset="0"/>
				<input semantic="NORMAL" source="#管子100x20-MODEL268-0-mesh-normals" offset="1"/>
				<p>52 52 53 53 54 54 55 55 56 56 57 57 58 58 59 59 60 60 61 61 62 62 63 63 64 64 65 65 66 66 67 67 68 68 69 69 70 70 71 71 72 72 71 71 70 70 66 66 73 73 74 74 72 72 72 72 71 71 73 73 67 67 65 65 64 64 73 73 75 75 74 74 64 64 66 66 70 70 59 59 69 69 68 68 69 69 65 65 67 67 58 58 60 60 61 61 59 59 68 68 60 60 63 63 62 62 54 54 58 58 61 61 63 63 52 52 56 56 53 53 62 62 52 52 54 54 55 55 53 53 56 56 </p>
			</triangles>
			<triangles count="22" material="Material1">
				<input semantic="VERTEX" source="#管子100x20-MODEL268-0-mesh-vertices" offset="0"/>
				<input semantic="NORMAL" source="#管子100x20-MODEL268-0-mesh-normals" offset="1"/>
				<p>76 76 77 77 78 78 79 79 80 80 81 81 82 82 83 83 84 84 85 85 86 86 87 87 88 88 89 89 90 90 91 91 92 92 93 93 94 94 95 95 91 91 96 96 97 97 92 92 93 93 92 92 97 97 98 98 96 96 99 99 96 96 98 98 97 97 86 86 95 95 94 94 94 94 91 91 93 93 89 89 85 85 87 87 85 85 95 95 86 86 88 88 90 90 79 79 89 89 87 87 90 90 81 81 80 80 84 84 88 88 79 79 81 81 82 82 76 76 83 83 80 80 82 82 84 84 78 78 83 83 76 76 </p>
			</triangles>
			<triangles count="46" material="Material1">
				<input semantic="VERTEX" source="#管子100x20-MODEL268-0-mesh-vertices" offset="0"/>
				<input semantic="NORMAL" source="#管子100x20-MODEL268-0-mesh-normals" offset="1"/>
				<p>100 100 101 101 102 102 103 103 104 104 105 105 106 106 107 107 108 108 109 109 110 110 111 111 107 107 106 106 112 112 108 108 107 107 113 113 114 114 109 109 112 112 115 115 116 116 117 117 118 118 119 119 120 120 121 121 117 117 122 122 123 123 124 124 102 102 123 123 125 125 126 126 127 127 105 105 121 121 128 128 125 125 129 129 130 130 131 131 129 129 104 104 132 132 133 133 132 132 134 134 133 133 135 135 136 136 137 137 138 138 139 139 130 130 140 140 141 141 138 138 136 136 142 142 140 140 134 134 135 135 143 143 111 111 144 144 115 115 113 113 145 145 108 108 101 101 120 120 119 119 112 112 106 106 114 114 109 109 114 114 110 110 111 111 110 110 144 144 115 115 144 144 116 116 117 117 116 116 122 122 121 121 122 122 127 127 105 105 127 127 103 103 104 104 103 103 132 132 133 133 134 134 143 143 143 143 135 135 137 137 136 136 135 135 142 142 140 140 142 142 141 141 138 138 141 141 139 139 130 130 139 139 131 131 129 129 131 131 128 128 125 125 128 128 126 126 123 123 126 126 124 124 102 102 124 124 100 100 101 101 100 100 120 120 119 119 118 118 145 145 108 108 145 145 118 118 </p>
			</triangles>
			<triangles count="46" material="Material1">
				<input semantic="VERTEX" source="#管子100x20-MODEL268-0-mesh-vertices" offset="0"/>
				<input semantic="NORMAL" source="#管子100x20-MODEL268-0-mesh-normals" offset="1"/>
				<p>146 146 147 147 148 148 149 149 150 150 151 151 149 149 151 151 152 152 153 153 154 154 155 155 156 156 155 155 157 157 151 151 156 156 152 152 158 158 150 150 149 149 159 159 160 160 161 161 162 162 163 163 161 161 164 164 159 159 165 165 166 166 167 167 146 146 168 168 169 169 167 167 170 170 169 169 171 171 172 172 173 173 165 165 174 174 175 175 172 172 176 176 175 175 174 174 177 177 170 170 178 178 179 179 177 177 180 180 181 181 179 179 182 182 176 176 183 183 184 184 185 185 186 186 187 187 153 153 163 163 188 188 147 147 185 185 187 187 156 156 157 157 152 152 155 155 154 154 157 157 153 153 188 188 154 154 163 163 162 162 188 188 161 161 160 160 162 162 159 159 164 164 160 160 165 165 173 173 164 164 172 172 175 175 173 173 174 174 183 183 176 176 183 183 189 189 184 184 190 190 191 191 184 184 189 189 190 190 184 184 181 181 182 182 191 191 190 190 181 181 191 191 179 179 180 180 182 182 177 177 178 178 180 180 170 170 171 171 178 178 169 169 168 168 171 171 167 167 166 166 168 168 146 146 148 148 166 166 147 147 187 187 148 148 185 185 158 158 186 186 149 149 186 186 158 158 </p>
			</triangles>
		</mesh>
	</geometry>
</library_geometries>
<library_effects>
	<effect id="Material1-effect">
		<profile_COMMON>
			<technique sid="common">
				<phong>
					<diffuse>
						<color sid="diffuse">0.870588 0.870588 0.870588 1 </color>
					</diffuse>
					<transparency>
						<float sid="transparency">1 </float>
					</transparency>
				</phong>
			</technique>
		</profile_COMMON>
	</effect>
</library_effects>
<library_materials>
	<material id="Material1">
		<instance_effect url="#Material1-effect"/>
	</material>
</library_materials>
<library_visual_scenes>
	<visual_scene id="Scene">
		<node id="_框装配-1" name="_框装配">
			<node id="管子100X20-3" name="管子100X20">
				<matrix sid="matrix">0.985826 0.162095 0.0432744 241.611 -0.167772 0.952468 0.254279 142.451 -1.04083e-016 -0.257935 0.966162 12.5 0 0 0 1 </matrix>
				<node id="管子100x20-2" name="管子100x20">
					<instance_geometry url="#管子100x20-MODEL268-0">
						<bind_material>
							<technique_common>
								<instance_material symbol="Material1" target="#Material1"/>
							</technique_common>
						</bind_material>
					</instance_geometry>
				</node>
			</node>
			<node id="管子100X20-4" name="管子100X20">
				<matrix sid="matrix">0.9119 0.399597 0.0935987 21.3262 -0.410413 0.887869 0.207968 189.181 -3.19189e-016 -0.22806 0.973647 12.5 0 0 0 1 </matrix>
				<node id="管子100x20-2-1" name="管子100x20">
					<instance_geometry url="#管子100x20-MODEL268-0">
						<bind_material>
							<technique_common>
								<instance_material symbol="Material1" target="#Material1"/>
							</technique_common>
						</bind_material>
					</instance_geometry>
				</node>
			</node>
			<node id="管子100X20-5" name="管子100X20">
				<matrix sid="matrix">0.267503 0.961194 0.0674399 362.544 -0.963557 0.266847 0.0187227 149.244 -5.55112e-017 -0.0699906 0.997548 12.5 0 0 0 1 </matrix>
				<node id="管子100x20-2-2" name="管子100x20">
					<instance_geometry url="#管子100x20-MODEL268-0">
						<bind_material>
							<technique_common>
								<instance_material symbol="Material1" target="#Material1"/>
							</technique_common>
						</bind_material>
					</instance_geometry>
				</node>
			</node>
			<node id="管子100X20-6" name="管子100X20">
				<matrix sid="matrix">0.943478 -0.321178 -0.0818166 152.236 0.331435 0.914279 0.232903 86.6176 -1.11022e-016 -0.246855 0.969052 12.5 0 0 0 1 </matrix>
				<node id="管子100x20-2-3" name="管子100x20">
					<instance_geometry url="#管子100x20-MODEL268-0">
						<bind_material>
							<technique_common>
								<instance_material symbol="Material1" target="#Material1"/>
							</technique_common>
						</bind_material>
					</instance_geometry>
				</node>
			</node>
			<node id="管子100X20-7" name="管子100X20">
				<matrix sid="matrix">0.943478 0.321178 0.0818166 263.565 -0.331435 0.914279 0.232903 106.869 2.77556e-017 -0.246855 0.969052 12.5 0 0 0 1 </matrix>
				<node id="管子100x20-2-4" name="管子100x20">
					<instance_geometry url="#管子100x20-MODEL268-0">
						<bind_material>
							<technique_common>
								<instance_material symbol="Material1" target="#Material1"/>
							</technique_common>
						</bind_material>
					</instance_geometry>
				</node>
			</node>
			<node id="管子100X20-8" name="管子100X20">
				<matrix sid="matrix">0.829898 0.15514 0.535911 231.482 -0.557915 0.230771 0.797167 74.7052 1.11022e-016 -0.960561 0.278071 12.5 0 0 0 1 </matrix>
				<node id="管子100x20-2-5" name="管子100x20">
					<instance_geometry url="#管子100x20-MODEL268-0">
						<bind_material>
							<technique_common>
								<instance_material symbol="Material1" target="#Material1"/>
							</technique_common>
						</bind_material>
					</instance_geometry>
				</node>
			</node>
			<node id="管子100X20-9" name="管子100X20">
				<matrix sid="matrix">0.943478 0.321178 0.0818166 139.417 -0.331435 0.914279 0.232903 68.2813 1.11022e-016 -0.246855 0.969052 12.5 0 0 0 1 </matrix>
				<node id="管子100x20-2-6" name="管子100x20">
					<instance_geometry url="#管子100x20-MODEL268-0">
						<bind_material>
							<technique_common>
								<instance_material symbol="Material1" target="#Material1"/>
							</technique_common>
						</bind_material>
					</instance_geometry>
				</node>
			</node>
			<node id="管子100X20-10" name="管子100X20">
				<matrix sid="matrix">1 -0 -0 158.606 -0 0.969944 0.243329 12.5 -0 -0.243329 0.969944 12.5 0 0 0 1 </matrix>
				<node id="管子100x20-2-7" name="管子100x20">
					<instance_geometry url="#管子100x20-MODEL268-0">
						<bind_material>
							<technique_common>
								<instance_material symbol="Material1" target="#Material1"/>
							</technique_common>
						</bind_material>
					</instance_geometry>
				</node>
			</node>
			<node id="管子100X20-11" name="管子100X20">
				<matrix sid="matrix">0.874176 0.471014 0.118163 39.2597 -0.485609 0.847902 0.212712 100.405 -4.16334e-016 -0.243329 0.969944 12.5 0 0 0 1 </matrix>
				<node id="管子100x20-2-8" name="管子100x20">
					<instance_geometry url="#管子100x20-MODEL268-0">
						<bind_material>
							<technique_common>
								<instance_material symbol="Material1" target="#Material1"/>
							</technique_common>
						</bind_material>
					</instance_geometry>
				</node>
			</node>
			<node id="管子100X20-12" name="管子100X20">
				<matrix sid="matrix">0.874176 0.357027 0.329163 45.4675 -0.485609 0.642706 0.592548 65.2736 8.32667e-017 -0.677836 0.735213 12.5 0 0 0 1 </matrix>
				<node id="管子100x20-2-9" name="管子100x20">
					<instance_geometry url="#管子100x20-MODEL268-0">
						<bind_material>
							<technique_common>
								<instance_material symbol="Material1" target="#Material1"/>
							</technique_common>
						</bind_material>
					</instance_geometry>
				</node>
			</node>
			<node id="管子100X20-13" name="管子100X20">
				<matrix sid="matrix">0.943478 0.310593 0.115679 309.981 -0.331435 0.884146 0.329297 56.2122 -4.16334e-017 -0.349025 0.937114 12.5 0 0 0 1 </matrix>
				<node id="管子100x20-2-10" name="管子100x20">
					<instance_geometry url="#管子100x20-MODEL268-0">
						<bind_material>
							<technique_common>
								<instance_material symbol="Material1" target="#Material1"/>
							</technique_common>
						</bind_material>
					</instance_geometry>
				</node>
			</node>
			<node id="管子100X20-14" name="管子100X20">
				<matrix sid="matrix">0.661545 0.712402 0.234181 338.288 -0.749905 0.628461 0.206588 223.351 -0 -0.312281 0.94999 12.5 0 0 0 1 </matrix>
				<node id="管子100x20-2-11" name="管子100x20">
					<instance_geometry url="#管子100x20-MODEL268-0">
						<bind_material>
							<technique_common>
								<instance_material symbol="Material1" target="#Material1"/>
							</technique_common>
						</bind_material>
					</instance_geometry>
				</node>
			</node>
			<node id="管子100X20-15" name="管子100X20">
				<matrix sid="matrix">0.943478 0.321178 0.0818166 37.2407 -0.331435 0.914279 0.232903 126.843 1.11022e-016 -0.246855 0.969052 12.5 0 0 0 1 </matrix>
				<node id="管子100x20-2-12" name="管子100x20">
					<instance_geometry url="#管子100x20-MODEL268-0">
						<bind_material>
							<technique_common>
								<instance_material symbol="Material1" target="#Material1"/>
							</technique_common>
						</bind_material>
					</instance_geometry>
				</node>
			</node>
			<node id="管子100X20-16" name="管子100X20">
				<matrix sid="matrix">0.985198 -0.144768 -0.091797 255.331 0.171419 0.832027 0.527586 163.287 -3.19189e-016 -0.535513 0.844527 12.5 0 0 0 1 </matrix>
				<node id="管子100x20-2-13" name="管子100x20">
					<instance_geometry url="#管子100x20-MODEL268-0">
						<bind_material>
							<technique_common>
								<instance_material symbol="Material1" target="#Material1"/>
							</technique_common>
						</bind_material>
					</instance_geometry>
				</node>
			</node>
			<node id="管子100X20-17" name="管子100X20">
				<matrix sid="matrix">0.943478 0.321178 0.0818166 6.97646 -0.331435 0.914279 0.232903 160.702 1.11022e-016 -0.246855 0.969052 12.5 0 0 0 1 </matrix>
				<node id="管子100x20-2-14" name="管子100x20">
					<instance_geometry url="#管子100x20-MODEL268-0">
						<bind_material>
							<technique_common>
								<instance_material symbol="Material1" target="#Material1"/>
							</technique_common>
						</bind_material>
					</instance_geometry>
				</node>
			</node>
			<node id="管子100X20-18" name="管子100X20">
				<matrix sid="matrix">0.23516 -0.907337 0.34848 146.803 0.971957 0.219526 -0.0843131 131.271 -1.94289e-016 0.358535 0.933516 12.5 0 0 0 1 </matrix>
				<node id="管子100x20-2-15" name="管子100x20">
					<instance_geometry url="#管子100x20-MODEL268-0">
						<bind_material>
							<technique_common>
								<instance_material symbol="Material1" target="#Material1"/>
							</technique_common>
						</bind_material>
					</instance_geometry>
				</node>
			</node>
			<node id="管子100X20-19" name="管子100X20">
				<matrix sid="matrix">0.943478 0.321178 0.0818166 38.1353 -0.331435 0.914279 0.232903 208.674 1.11022e-016 -0.246855 0.969052 12.5 0 0 0 1 </matrix>
				<node id="管子100x20-2-16" name="管子100x20">
					<instance_geometry url="#管子100x20-MODEL268-0">
						<bind_material>
							<technique_common>
								<instance_material symbol="Material1" target="#Material1"/>
							</technique_common>
						</bind_material>
					</instance_geometry>
				</node>
			</node>
			<node id="管子100X20-20" name="管子100X20">
				<matrix sid="matrix">0.642009 -0.763803 -0.066547 151.367 0.766697 0.639586 0.0557245 112.717 -2.08167e-016 -0.086797 0.996226 12.5 0 0 0 1 </matrix>
				<node id="管子100x20-2-17" name="管子100x20">
					<instance_geometry url="#管子100x20-MODEL268-0">
						<bind_material>
							<technique_common>
								<instance_material symbol="Material1" target="#Material1"/>
							</technique_common>
						</bind_material>
					</instance_geometry>
				</node>
			</node>
			<node id="管子100X20-21" name="管子100X20">
				<matrix sid="matrix">0.446893 0.547811 0.707241 172.551 -0.894587 0.27366 0.353304 298.917 -7.21645e-016 -0.790578 0.612361 12.5 0 0 0 1 </matrix>
				<node id="管子100x20-2-18" name="管子100x20">
					<instance_geometry url="#管子100x20-MODEL268-0">
						<bind_material>
							<technique_common>
								<instance_material symbol="Material1" target="#Material1"/>
							</technique_common>
						</bind_material>
					</instance_geometry>
				</node>
			</node>
			<node id="管子100X20-22" name="管子100X20">
				<matrix sid="matrix">0.996254 -0.0864805 0.000103975 232.546 0.0864806 0.996253 -0.00119779 293.695 -3.05609e-016 0.0012023 0.999999 12.5 0 0 0 1 </matrix>
				<node id="管子100x20-2-19" name="管子100x20">
					<instance_geometry url="#管子100x20-MODEL268-0">
						<bind_material>
							<technique_common>
								<instance_material symbol="Material1" target="#Material1"/>
							</technique_common>
						</bind_material>
					</instance_geometry>
				</node>
			</node>
			<node id="管子100X20-23" name="管子100X20">
				<matrix sid="matrix">0.528129 0.496168 0.689127 348.554 -0.849164 0.308587 0.428596 296.106 1.38778e-016 -0.811536 0.584302 12.5 0 0 0 1 </matrix>
				<node id="管子100x20-2-20" name="管子100x20">
					<instance_geometry url="#管子100x20-MODEL268-0">
						<bind_material>
							<technique_common>
								<instance_material symbol="Material1" target="#Material1"/>
							</technique_common>
						</bind_material>
					</instance_geometry>
				</node>
			</node>
			<node id="管子100X20-24" name="管子100X20">
				<matrix sid="matrix">0.996493 0.08368 -3.9743e-005 234.167 -0.0836801 0.996493 -0.000473274 208.434 -1.49085e-016 0.00047494 1 12.5 0 0 0 1 </matrix>
				<node id="管子100x20-2-21" name="管子100x20">
					<instance_geometry url="#管子100x20-MODEL268-0">
						<bind_material>
							<technique_common>
								<instance_material symbol="Material1" target="#Material1"/>
							</technique_common>
						</bind_material>
					</instance_geometry>
				</node>
			</node>
			<node id="管子100X20-25" name="管子100X20">
				<matrix sid="matrix">0.966812 -0.231382 -0.108333 253.533 0.255487 0.875594 0.409953 231.996 -4.996e-016 -0.424026 0.90565 12.5 0 0 0 1 </matrix>
				<node id="管子100x20-2-22" name="管子100x20">
					<instance_geometry url="#管子100x20-MODEL268-0">
						<bind_material>
							<technique_common>
								<instance_material symbol="Material1" target="#Material1"/>
							</technique_common>
						</bind_material>
					</instance_geometry>
				</node>
			</node>
			<node id="管子100X20-26" name="管子100X20">
				<matrix sid="matrix">0.943478 0.321178 0.0818166 54.2356 -0.331435 0.914279 0.232903 230.805 1.11022e-016 -0.246855 0.969052 12.5 0 0 0 1 </matrix>
				<node id="管子100x20-2-23" name="管子100x20">
					<instance_geometry url="#管子100x20-MODEL268-0">
						<bind_material>
							<technique_common>
								<instance_material symbol="Material1" target="#Material1"/>
							</technique_common>
						</bind_material>
					</instance_geometry>
				</node>
			</node>
			<node id="管子100X20-27" name="管子100X20">
				<matrix sid="matrix">0.943478 0.321178 0.0818166 25.3298 -0.331435 0.914279 0.232903 264.328 1.11022e-016 -0.246855 0.969052 12.5 0 0 0 1 </matrix>
				<node id="管子100x20-2-24" name="管子100x20">
					<instance_geometry url="#管子100x20-MODEL268-0">
						<bind_material>
							<technique_common>
								<instance_material symbol="Material1" target="#Material1"/>
							</technique_common>
						</bind_material>
					</instance_geometry>
				</node>
			</node>
			<node id="管子100X20-28" name="管子100X20">
				<matrix sid="matrix">0.943478 0.321178 0.0818166 59.5556 -0.331435 0.914279 0.232903 279.442 1.11022e-016 -0.246855 0.969052 12.5 0 0 0 1 </matrix>
				<node id="管子100x20-2-25" name="管子100x20">
					<instance_geometry url="#管子100x20-MODEL268-0">
						<bind_material>
							<technique_common>
								<instance_material symbol="Material1" target="#Material1"/>
							</technique_common>
						</bind_material>
					</instance_geometry>
				</node>
			</node>
			<node id="管子100X20-29" name="管子100X20">
				<matrix sid="matrix">0.943478 0.321178 0.0818166 70.2306 -0.331435 0.914279 0.232903 304.108 1.11022e-016 -0.246855 0.969052 12.5 0 0 0 1 </matrix>
				<node id="管子100x20-2-26" name="管子100x20">
					<instance_geometry url="#管子100x20-MODEL268-0">
						<bind_material>
							<technique_common>
								<instance_material symbol="Material1" target="#Material1"/>
							</technique_common>
						</bind_material>
					</instance_geometry>
				</node>
			</node>
		</node>
	</visual_scene>
</library_visual_scenes>
	<scene>
		<instance_visual_scene url="#Scene"/>
	</scene>
</COLLADA>
